0.00000000000000000000e+00
3.10403285643801041260e-01
0.00000000000000000000e+00
2.78077625243122739107e-01
0.00000000000000000000e+00
0.00000000000000000000e+00
0.00000000000000000000e+00
0.00000000000000000000e+00
0.00000000000000000000e+00
9.76631825888585325401e-01
0.00000000000000000000e+00
0.00000000000000000000e+00
0.00000000000000000000e+00
3.58768660016495211096e-01
0.00000000000000000000e+00
0.00000000000000000000e+00
0.00000000000000000000e+00
0.00000000000000000000e+00
1.01450562098814867085e+00
0.00000000000000000000e+00
0.00000000000000000000e+00
0.00000000000000000000e+00
0.00000000000000000000e+00
0.00000000000000000000e+00
0.00000000000000000000e+00
0.00000000000000000000e+00
0.00000000000000000000e+00
0.00000000000000000000e+00
0.00000000000000000000e+00
0.00000000000000000000e+00
0.00000000000000000000e+00
0.00000000000000000000e+00
8.44234572303648178604e-01
1.00000000000000000000e+00
0.00000000000000000000e+00
1.02688074725632016992e+00
0.00000000000000000000e+00
0.00000000000000000000e+00
0.00000000000000000000e+00
2.47352671978173788148e-01
0.00000000000000000000e+00
0.00000000000000000000e+00
0.00000000000000000000e+00
0.00000000000000000000e+00
0.00000000000000000000e+00
0.00000000000000000000e+00
0.00000000000000000000e+00
0.00000000000000000000e+00
