0.00000000000000000000e+00
6.26250823424490121738e-01
0.00000000000000000000e+00
0.00000000000000000000e+00
4.48253927422537223890e-01
0.00000000000000000000e+00
0.00000000000000000000e+00
0.00000000000000000000e+00
0.00000000000000000000e+00
4.86034819955905028621e-01
0.00000000000000000000e+00
0.00000000000000000000e+00
0.00000000000000000000e+00
1.00000000000000000000e+00
0.00000000000000000000e+00
0.00000000000000000000e+00
0.00000000000000000000e+00
2.30396544959599047786e-01
0.00000000000000000000e+00
0.00000000000000000000e+00
0.00000000000000000000e+00
0.00000000000000000000e+00
0.00000000000000000000e+00
0.00000000000000000000e+00
0.00000000000000000000e+00
0.00000000000000000000e+00
0.00000000000000000000e+00
0.00000000000000000000e+00
0.00000000000000000000e+00
5.15773858642543103770e-01
4.61547142850959879468e-01
2.77461389215361009519e-01
0.00000000000000000000e+00
0.00000000000000000000e+00
0.00000000000000000000e+00
0.00000000000000000000e+00
