0.00000000000000000000e+00
0.00000000000000000000e+00
0.00000000000000000000e+00
0.00000000000000000000e+00
0.00000000000000000000e+00
0.00000000000000000000e+00
0.00000000000000000000e+00
0.00000000000000000000e+00
0.00000000000000000000e+00
0.00000000000000000000e+00
0.00000000000000000000e+00
0.00000000000000000000e+00
1.00000000000000000000e+00
0.00000000000000000000e+00
1.61399604272083330159e-01
0.00000000000000000000e+00
0.00000000000000000000e+00
0.00000000000000000000e+00
0.00000000000000000000e+00
0.00000000000000000000e+00
2.75153825399221396708e-01
0.00000000000000000000e+00
0.00000000000000000000e+00
0.00000000000000000000e+00
3.03461851540176574815e-01
0.00000000000000000000e+00
2.40771569453568368147e-01
0.00000000000000000000e+00
0.00000000000000000000e+00
1.28434545694777746405e-01
0.00000000000000000000e+00
0.00000000000000000000e+00
0.00000000000000000000e+00
0.00000000000000000000e+00
0.00000000000000000000e+00
0.00000000000000000000e+00
0.00000000000000000000e+00
0.00000000000000000000e+00
0.00000000000000000000e+00
0.00000000000000000000e+00
