0.00000000000000000000e+00
0.00000000000000000000e+00
0.00000000000000000000e+00
0.00000000000000000000e+00
1.78632682529822339745e-01
0.00000000000000000000e+00
0.00000000000000000000e+00
0.00000000000000000000e+00
0.00000000000000000000e+00
0.00000000000000000000e+00
1.00000000000000000000e+00
0.00000000000000000000e+00
0.00000000000000000000e+00
0.00000000000000000000e+00
2.39806599263703290603e-01
0.00000000000000000000e+00
0.00000000000000000000e+00
0.00000000000000000000e+00
3.65697704392542455309e-01
0.00000000000000000000e+00
3.56687403705313599289e-01
4.45909992159987389471e-01
0.00000000000000000000e+00
0.00000000000000000000e+00
0.00000000000000000000e+00
0.00000000000000000000e+00
1.75304699893685800305e-01
0.00000000000000000000e+00
0.00000000000000000000e+00
0.00000000000000000000e+00
0.00000000000000000000e+00
0.00000000000000000000e+00
0.00000000000000000000e+00
0.00000000000000000000e+00
0.00000000000000000000e+00
0.00000000000000000000e+00
